
 LIST ALL SELECTED NODES.   DSYS=      0

   NODE        X                   Y                   Z
        1   -5.77350269190         0.00000000000         0.00000000000     
        2    2.88675134595         5.00000000000         0.00000000000     
        3   -5.34048999000        0.250000000000         0.00000000000     
        4   -4.90747728811        0.500000000000         0.00000000000     
        5   -4.47446458622        0.750000000000         0.00000000000     
        6   -4.04145188433         1.00000000000         0.00000000000     
        7   -3.60843918244         1.25000000000         0.00000000000     
        8   -3.17542648054         1.50000000000         0.00000000000     
        9   -2.74241377865         1.75000000000         0.00000000000     
       10   -2.30940107676         2.00000000000         0.00000000000     
       11   -1.87638837487         2.25000000000         0.00000000000     
       12   -1.44337567297         2.50000000000         0.00000000000     
       13   -1.01036297108         2.75000000000         0.00000000000     
       14  -0.577350269190         3.00000000000         0.00000000000     
       15  -0.144337567297         3.25000000000         0.00000000000     
       16   0.288675134595         3.50000000000         0.00000000000     
       17   0.721687836487         3.75000000000         0.00000000000     
       18    1.15470053838         4.00000000000         0.00000000000     
       19    1.58771324027         4.25000000000         0.00000000000     
       20    2.02072594216         4.50000000000         0.00000000000     
       21    2.45373864406         4.75000000000         0.00000000000     
       22    2.38675134595         4.13397459622         0.00000000000     
       23    2.63675134595         4.56698729811         0.00000000000     
       24   -4.77350269190         0.00000000000         0.00000000000     
       25    2.02873864406         3.92727586640         0.00000000000     
       26    1.67072594216         3.72057713659         0.00000000000     
       27    1.31271324027         3.51387840678         0.00000000000     
       28   0.954700538379         3.30717967697         0.00000000000     
       29   0.596687836487         3.10048094716         0.00000000000     
       30   0.238675134595         2.89378221735         0.00000000000     
       31  -0.119337567297         2.68708348754         0.00000000000     
       32  -0.477350269190         2.48038475773         0.00000000000     
       33  -0.835362971082         2.27368602792         0.00000000000     
       34   -1.19337567297         2.06698729811         0.00000000000     
       35   -1.55138837487         1.86028856830         0.00000000000     
       36   -1.90940107676         1.65358983849         0.00000000000     
       37   -2.26741377865         1.44689110868         0.00000000000     
       38   -2.62542648054         1.24019237886         0.00000000000     
       39   -2.98343918244         1.03349364905         0.00000000000     
       40   -3.34145188433        0.826794919243         0.00000000000     
       41   -3.69946458622        0.620096189432         0.00000000000     
       42   -4.05747728811        0.413397459622         0.00000000000     
       43   -4.41548999000        0.206698729811         0.00000000000     
       44   -5.27350269190         0.00000000000         0.00000000000     
       45   -4.87798999000        0.228349364905         0.00000000000     
       46   -4.48247728811        0.456698729811         0.00000000000     
       47   -4.08696458622        0.685048094716         0.00000000000     
       48   -3.69145188433        0.913397459622         0.00000000000     
       49   -3.29593918244         1.14174682453         0.00000000000     
       50   -2.90042648054         1.37009618943         0.00000000000     
       51   -2.50491377865         1.59844555434         0.00000000000     
       52   -2.10940107676         1.82679491924         0.00000000000     
       53   -1.71388837487         2.05514428415         0.00000000000     
       54   -1.31837567297         2.28349364905         0.00000000000     
       55  -0.922862971082         2.51184301396         0.00000000000     
       56  -0.527350269190         2.74019237886         0.00000000000     
       57  -0.131837567297         2.96854174377         0.00000000000     
       58   0.263675134595         3.19689110868         0.00000000000     
       59   0.659187836487         3.42524047358         0.00000000000     
       60    1.05470053838         3.65358983849         0.00000000000     
       61    1.45021324027         3.88193920339         0.00000000000     
       62    1.84572594216         4.11028856830         0.00000000000     
       63    2.24123864406         4.33863793320         0.00000000000     
       64    2.88675134595        -5.00000000000         0.00000000000     
       65    2.45373864406        -4.75000000000         0.00000000000     
       66    2.02072594216        -4.50000000000         0.00000000000     
       67    1.58771324027        -4.25000000000         0.00000000000     
       68    1.15470053838        -4.00000000000         0.00000000000     
       69   0.721687836487        -3.75000000000         0.00000000000     
       70   0.288675134595        -3.50000000000         0.00000000000     
       71  -0.144337567297        -3.25000000000         0.00000000000     
       72  -0.577350269190        -3.00000000000         0.00000000000     
       73   -1.01036297108        -2.75000000000         0.00000000000     
       74   -1.44337567297        -2.50000000000         0.00000000000     
       75   -1.87638837487        -2.25000000000         0.00000000000     
       76   -2.30940107676        -2.00000000000         0.00000000000     
       77   -2.74241377865        -1.75000000000         0.00000000000     
       78   -3.17542648054        -1.50000000000         0.00000000000     
       79   -3.60843918244        -1.25000000000         0.00000000000     
       80   -4.04145188433        -1.00000000000         0.00000000000     
       81   -4.47446458622       -0.750000000000         0.00000000000     
       82   -4.90747728811       -0.500000000000         0.00000000000     
       83   -5.34048999000       -0.250000000000         0.00000000000     
       84    2.38675134595        -4.13397459622         0.00000000000     
       85   -4.41548999000       -0.206698729811         0.00000000000     
       86   -4.05747728811       -0.413397459622         0.00000000000     
       87   -3.69946458622       -0.620096189432         0.00000000000     
       88   -3.34145188433       -0.826794919243         0.00000000000     
       89   -2.98343918244        -1.03349364905         0.00000000000     
       90   -2.62542648054        -1.24019237886         0.00000000000     
       91   -2.26741377865        -1.44689110868         0.00000000000     
       92   -1.90940107676        -1.65358983849         0.00000000000     
       93   -1.55138837487        -1.86028856830         0.00000000000     
       94   -1.19337567297        -2.06698729811         0.00000000000     
       95  -0.835362971082        -2.27368602792         0.00000000000     
       96  -0.477350269190        -2.48038475773         0.00000000000     
       97  -0.119337567297        -2.68708348754         0.00000000000     
       98   0.238675134595        -2.89378221735         0.00000000000     
       99   0.596687836487        -3.10048094716         0.00000000000     
      100   0.954700538379        -3.30717967697         0.00000000000     
      101    1.31271324027        -3.51387840678         0.00000000000     
      102    1.67072594216        -3.72057713659         0.00000000000     
      103    2.02873864406        -3.92727586640         0.00000000000     
      104    2.63675134595        -4.56698729811         0.00000000000     
      105    2.24123864406        -4.33863793320         0.00000000000     
      106    1.84572594216        -4.11028856830         0.00000000000     
      107    1.45021324027        -3.88193920339         0.00000000000     
      108    1.05470053838        -3.65358983849         0.00000000000     
      109   0.659187836487        -3.42524047358         0.00000000000     
      110   0.263675134595        -3.19689110868         0.00000000000     
      111  -0.131837567297        -2.96854174377         0.00000000000     
      112  -0.527350269190        -2.74019237886         0.00000000000     
      113  -0.922862971082        -2.51184301396         0.00000000000     
      114   -1.31837567297        -2.28349364905         0.00000000000     
      115   -1.71388837487        -2.05514428415         0.00000000000     
      116   -2.10940107676        -1.82679491924         0.00000000000     
      117   -2.50491377865        -1.59844555434         0.00000000000     
      118   -2.90042648054        -1.37009618943         0.00000000000     
      119   -3.29593918244        -1.14174682453         0.00000000000     
      120   -3.69145188433       -0.913397459622         0.00000000000     
      121   -4.08696458622       -0.685048094716         0.00000000000     
      122   -4.48247728811       -0.456698729811         0.00000000000     
      123   -4.87798999000       -0.228349364905         0.00000000000     
      124    2.88675134595        -4.50000000000         0.00000000000     
      125    2.88675134595        -4.00000000000         0.00000000000     
      126    2.88675134595        -3.50000000000         0.00000000000     
      127    2.88675134595        -3.00000000000         0.00000000000     
      128    2.88675134595        -2.50000000000         0.00000000000     
      129    2.88675134595        -2.00000000000         0.00000000000     
      130    2.88675134595        -1.50000000000         0.00000000000     
      131    2.88675134595        -1.00000000000         0.00000000000     
      132    2.88675134595       -0.500000000000         0.00000000000     
      133    2.88675134595       -0.999200722163E-015    0.00000000000     
      134    2.88675134595        0.500000000000         0.00000000000     
      135    2.88675134595         1.00000000000         0.00000000000     
      136    2.88675134595         1.50000000000         0.00000000000     
      137    2.88675134595         2.00000000000         0.00000000000     
      138    2.88675134595         2.50000000000         0.00000000000     
      139    2.88675134595         3.00000000000         0.00000000000     
      140    2.88675134595         3.50000000000         0.00000000000     
      141    2.88675134595         4.00000000000         0.00000000000     
      142    2.88675134595         4.50000000000         0.00000000000     
      143    2.38675134595         3.72057713659         0.00000000000     
      144    2.38675134595         3.30717967697         0.00000000000     
      145    2.38675134595         2.89378221735         0.00000000000     
      146    2.38675134595         2.48038475773         0.00000000000     
      147    2.38675134595         2.06698729811         0.00000000000     
      148    2.38675134595         1.65358983849         0.00000000000     
      149    2.38675134595         1.24019237886         0.00000000000     
      150    2.38675134595        0.826794919243         0.00000000000     
      151    2.38675134595        0.413397459622         0.00000000000     
      152    2.38675134595        0.903052587843E-015    0.00000000000     
      153    2.38675134595       -0.413397459622         0.00000000000     
      154    2.38675134595       -0.826794919243         0.00000000000     
      155    2.38675134595        -1.24019237886         0.00000000000     
      156    2.38675134595        -1.65358983849         0.00000000000     
      157    2.38675134595        -2.06698729811         0.00000000000     
      158    2.38675134595        -2.48038475773         0.00000000000     
      159    2.38675134595        -2.89378221735         0.00000000000     
      160    2.38675134595        -3.30717967697         0.00000000000     
      161    2.38675134595        -3.72057713659         0.00000000000     
      162    2.63675134595        -4.11028856830         0.00000000000     
      163    2.63675134595        -3.65358983849         0.00000000000     
      164    2.63675134595        -3.19689110868         0.00000000000     
      165    2.63675134595        -2.74019237886         0.00000000000     
      166    2.63675134595        -2.28349364905         0.00000000000     
      167    2.63675134595        -1.82679491924         0.00000000000     
      168    2.63675134595        -1.37009618943         0.00000000000     
      169    2.63675134595       -0.913397459622         0.00000000000     
      170    2.63675134595       -0.456698729811         0.00000000000     
      171    2.63675134595         0.00000000000         0.00000000000     
      172    2.63675134595        0.456698729811         0.00000000000     
      173    2.63675134595        0.913397459622         0.00000000000     
      174    2.63675134595         1.37009618943         0.00000000000     
      175    2.63675134595         1.82679491924         0.00000000000     
      176    2.63675134595         2.28349364905         0.00000000000     
      177    2.63675134595         2.74019237886         0.00000000000     
      178    2.63675134595         3.19689110868         0.00000000000     
      179    2.63675134595         3.65358983849         0.00000000000     
      180    2.63675134595         4.11028856830         0.00000000000     
